2 6
3 4
2147483647 2147483647
2147483647 1
1 2147483647
6 14
8 47
9 18
12 42
2 81
1 10
15 27
2 8
5 57
15 56
0 99
11 68
13 91
13 52
8 4
8 68
7 47
7 23
8 60
2 92
2 57
0 92
4 38
12 47
8 6
12 31
11 58
13 91
2 46
2 52
4 24
15 43
3 84
12 59
7 30
3 44
5 84
3 85
11 88
5 2
14 9
13 24
3 22
8 39
4 100
1 31
11 88
4 49
8 93
10 27
9 90
10 23
11 74
4 78
11 81
13 72
6 81
3 76
13 51
2 68
9 49
2 2
3 33
10 25
12 35
3 27
1 79
7 16
8 93
2 37
3 5
4 57
12 10
7 27
9 62
4 8
8 80
10 3
3 98
9 69
2 31
12 47
0 31
1 3
7 62
0 46
6 89
12 42
14 49
7 82
2 71
8 39
2 33
2 52
1 69
10 48
15 0
4 14
11 92
11 26
2 31
5 35
4 5
5 7
6 35
8 29
4 2
6 28
5 21
6 0
5 20
0 3
8 5
1 50
0 18
3 2
6 4
0 11
0 35
3 21
0 20
1 26
6 4
7 23
7 22
4 26
8 50
0 23
2 18
0 0
